# x Ec HH LH SO  (eV, nextnano intrinsic, 300K, unstrained)
0.000000000000000000e+00 2.727248474038174386e+00 -7.103532958733251856e-01 -7.155525734483252354e-01 -7.321640182982254164e-01
1.000000000000000056e-01 2.844416001380480452e+00 -8.081792293322394016e-01 -8.234298569090392483e-01 -8.022366017555393469e-01
2.000000000000000111e-01 2.985700895710370339e+00 -9.060039785519959921e-01 -9.196114164537956270e-01 -8.840025406501959004e-01
2.999999999999999889e-01 3.142104007410013722e+00 -1.003834702330475004e+00 -1.016923142485975262e+00 -9.646502621750752127e-01
4.000000000000000222e-01 3.312829600536971064e+00 -1.101668682834888724e+00 -1.114563863397088905e+00 -1.044975502272589285e+00
5.000000000000000000e-01 3.497686963050572917e+00 -1.199502943660808896e+00 -1.212336914338108862e+00 -1.125168972983509263e+00
5.999999999999999778e-01 3.696609996150987065e+00 -1.297337223915221216e+00 -1.310175674722720451e+00 -1.205296773107621178e+00
6.999999999999999556e-01 3.909570323555056959e+00 -1.395171452409860180e+00 -1.408051625891660663e+00 -1.285387278928060262e+00
8.000000000000000444e-01 4.136555286636172113e+00 -1.493004145548172623e+00 -1.505949142024972431e+00 -1.365453149071472083e+00
9.000000000000000222e-01 4.377571534945852605e+00 -1.590820850652196583e+00 -1.603845967318196841e+00 -1.445487733986296597e+00
1.000000000000000000e+00 4.632601146585805019e+00 -1.688634838595195031e+00 -1.701750721619594842e+00 -1.525508955570794800e+00
